src/views/aMap/windy.json
{"header": {"discipline":0,"disciplineName":"Meteorological products","gribEdition":2,"gribLength":130681,"center":7,"centerName":"US National Weather Service - NCEP(WMC)","subcenter":0,"refTime":"2021-08-04T18:00:00.000Z","significanceOfRT":1,"significanceOfRTName":"Start of forecast","productStatus":0,"productStatusName":"Operational products","productType":1,"productTypeName":"Forecast products","productDefinitionTemplate":0,"productDefinitionTemplateName":"Analysis/forecast at horizontal level/layer at a point in time","parameterCategory":2,"parameterCategoryName":"Momentum","parameterNumber":2,"parameterNumberName":"U-component_of_wind","parameterUnit":"m.s-1","genProcessType":2,"genProcessTypeName":"Forecast","forecastTime":2,"surface1Type":103,"surface1TypeName":"Specified height level above ground","surface1Value":10.0,"surface2Type":255,"surface2TypeName":"Missing","surface2Value":0.0,"gridDefinitionTemplate":0,"gridDefinitionTemplateName":"Latitude_Longitude","numberPoints":87001,"shape":6,"shapeName":"Earth spherical with radius of 6,371,229.0 m","gridUnits":"degrees","resolution":48,"winds":"true","scanMode":0,"nx":361,"ny":241,"basicAngle":0,"la1":60.0,"la2":0.0,"lo1":60.0,"lo2":150.0,"dx":0.25,"dy":0.25}, "data":
[rows 156 to 181 of 241, columns 0 to 57 of 361]
5.714861,6.1448607,6.594861,6.9348607,7.0348606,7.1448607,7.334861,7.374861,7.304861,7.4748607,7.7848606,7.844861,8.004861,8.27486,8.52486,8.254861,8.264861,8.874861,9.794861,10.174861,10.27486,10.514861,11.094861,11.134861,11.164861,11.564861,11.394861,11.034861,11.104861,10.874861,10.27486,10.394861,10.134861,9.794861,9.974861,9.494861,9.074861,8.98486,8.69486,8.934861,9.184861,7.9548607,5.7248607,5.714861,6.1848607,5.9548607,6.5348606,7.4548607,8.674861,9.034861,8.9048605,7.824861,5.194861,4.4148607,4.174861,4.504861,7.4348607,8.454861
5.7848606,6.304861,6.884861,7.124861,7.094861,7.174861,7.234861,7.2848606,7.324861,7.564861,7.874861,7.964861,8.174861,8.304861,8.44486,8.23486,8.804861,9.52486,9.934861,10.284861,10.584861,10.584861,11.174861,11.344861,11.504861,11.824861,11.714861,11.424861,11.104861,10.704861,10.504861,10.394861,10.284861,10.094861,9.924861,9.73486,9.514861,9.354861,9.174861,9.464861,9.344861,8.94486,8.364861,7.384861,7.464861,9.134861,9.884861,9.804861,9.174861,8.754861,8.754861,8.684861,5.404861,4.6848607,3.724861,4.584861,5.4948606,5.7248607
5.9348607,6.5148606,6.964861,7.024861,7.094861,7.1648607,7.084861,7.214861,7.314861,7.6448607,7.754861,7.984861,8.224861,8.414861,8.304861,8.204861,9.424861,9.844861,10.134861,10.294861,10.48486,10.634861,10.864861,11.034861,11.254861,11.304861,11.724861,11.6548605,11.244861,10.804861,10.454861,10.214861,10.174861,10.434861,10.1548605,10.124861,9.9048605,9.974861,9.684861,9.454861,9.344861,9.014861,8.724861,8.684861,9.554861,9.814861,9.754861,9.754861,9.424861,8.974861,8.374861,8.394861,4.774861,4.2448606,2.974861,4.634861,5.7648606,5.844861
6.234861,6.7448606,6.9148607,7.044861,7.2648606,7.2448606,7.084861,7.2848606,7.4348607,7.7048607,7.774861,7.9948606,8.184861,8.474861,8.574861,8.594861,9.374861,9.884861,10.114861,10.254861,10.52486,10.814861,10.714861,10.864861,10.934861,11.19486,11.384861,11.334861,11.254861,10.814861,10.664861,10.27486,10.214861,10.454861,10.184861,10.02486,9.664861,9.824861,9.584861,9.354861,9.494861,9.204861,8.794861,9.104861,9.344861,9.344861,9.374861,9.854861,9.69486,8.914861,8.394861,6.804861,4.5148606,3.994861,5.024861,7.5148606,8.084861,8.494861
6.654861,6.9748607,6.964861,7.2648606,7.444861,7.424861,7.2048607,7.4348607,7.694861,7.834861,7.774861,7.904861,8.104861,8.48486,9.014861,9.184861,9.594861,10.014861,10.304861,10.534861,10.474861,10.464861,10.864861,11.054861,11.124861,11.554861,11.4048605,11.054861,11.064861,10.874861,10.584861,10.284861,10.184861,9.994861,10.144861,10.184861,9.954861,10.164861,9.98486,9.614861,9.52486,9.344861,9.214861,9.374861,9.614861,9.584861,9.474861,9.534861,9.314861,8.764861,8.644861,7.364861,4.1448607,3.684861,5.574861,6.834861,7.7048607,8.074861
7.094861,7.2848606,7.194861,7.324861,7.3948607,7.4148607,7.354861,7.4948606,7.834861,7.964861,7.734861,8.044861,8.614861,9.014861,9.434861,9.474861,10.124861,10.224861,10.534861,10.73486,10.6548605,10.804861,11.084861,11.224861,11.27486,11.384861,11.634861,11.054861,11.114861,11.19486,10.604861,10.77486,10.564861,10.304861,10.344861,10.164861,10.204861,10.104861,9.974861,9.874861,9.52486,9.544861,9.614861,9.634861,9.794861,9.794861,9.814861,9.664861,9.364861,9.244861,9.254861,7.904861,4.944861,3.184861,4.524861,5.634861,5.7648606,5.624861
7.254861,7.544861,7.364861,7.364861,7.404861,7.4148607,7.4748607,7.854861,7.984861,7.944861,8.344861,8.894861,9.604861,9.424861,9.544861,9.914861,10.124861,10.394861,10.604861,10.73486,10.974861,10.98486,11.374861,12.254861,12.104861,11.4048605,11.344861,11.044861,11.004861,11.054861,10.73486,10.664861,10.434861,10.224861,10.134861,10.064861,10.184861,10.294861,10.314861,10.23486,9.884861,9.834861,9.764861,9.674861,9.794861,9.824861,9.964861,9.644861,9.064861,8.854861,9.114861,7.554861,4.884861,3.1148608,2.5948608,4.334861,1.9448608,1.5948608
7.234861,7.594861,7.4548607,7.2848606,7.3948607,7.4748607,7.4548607,7.9348607,7.964861,8.914861,9.394861,10.23486,10.384861,9.884861,10.244861,10.434861,10.744861,11.054861,11.02486,11.344861,11.114861,11.004861,11.364861,12.074861,12.474861,11.714861,11.284861,10.994861,10.834861,11.034861,10.834861,10.704861,10.414861,10.114861,10.164861,10.264861,10.264861,10.204861,9.794861,9.69486,9.884861,9.874861,9.784861,9.624861,9.884861,9.714861,9.634861,9.354861,8.894861,8.6548605,9.124861,8.704861,5.874861,4.4148607,3.744861,5.4348607,4.9148607,6.004861
7.1448607,7.5348606,7.544861,7.3948607,7.574861,7.854861,7.754861,7.9348607,7.9348607,8.73486,9.27486,9.744861,9.924861,9.504861,9.704861,9.974861,10.174861,10.574861,11.094861,10.704861,10.77486,10.954861,11.464861,12.134861,12.544861,12.424861,11.73486,11.254861,10.974861,11.084861,10.9048605,10.764861,10.6548605,10.114861,9.974861,9.834861,9.894861,9.994861,9.834861,9.834861,9.804861,9.494861,9.424861,9.604861,9.934861,9.48486,9.4048605,9.494861,9.164861,8.77486,8.714861,8.94486,7.944861,4.384861,2.984861,5.7848606,7.1848607,7.444861
7.194861,7.4948606,7.594861,7.484861,7.754861,8.02486,8.044861,8.464861,8.684861,8.994861,9.27486,9.384861,9.77486,9.554861,9.684861,10.034861,10.184861,10.434861,10.52486,10.294861,10.614861,10.98486,11.124861,11.354861,11.544861,12.4048605,12.304861,11.714861,11.164861,11.174861,11.204861,10.934861,10.644861,10.144861,9.98486,10.014861,10.114861,10.114861,9.864861,9.884861,9.77486,9.314861,9.134861,9.334861,9.77486,9.454861,9.184861,9.544861,9.634861,9.454861,9.014861,8.974861,5.834861,2.8448608,4.804861,6.304861,7.4348607,7.2048607
7.304861,7.754861,7.754861,7.6848607,7.964861,8.084861,8.264861,8.754861,8.804861,9.004861,9.23486,9.344861,9.784861,9.794861,9.73486,9.924861,10.27486,10.534861,10.514861,10.544861,11.754861,11.254861,11.264861,11.364861,11.184861,11.704861,11.854861,12.064861,11.9048605,11.4048605,11.354861,11.214861,10.994861,10.474861,10.304861,10.564861,10.564861,10.014861,9.624861,9.854861,9.98486,9.754861,9.384861,9.214861,9.44486,9.264861,8.874861,9.19486,9.474861,9.184861,9.214861,8.894861,4.484861,2.244861,4.234861,4.7448606,5.844861,5.4148607
7.344861,7.884861,7.984861,7.904861,8.124861,8.27486,8.52486,8.794861,8.764861,9.064861,9.254861,9.304861,9.814861,10.044861,9.77486,9.824861,10.19486,10.594861,10.684861,10.864861,11.574861,11.074861,11.204861,11.294861,11.424861,11.424861,11.104861,11.224861,11.974861,11.974861,11.6548605,11.364861,11.284861,10.974861,10.784861,11.1548605,10.954861,10.02486,9.69486,10.044861,10.114861,10.034861,9.804861,9.27486,9.214861,8.954861,8.754861,8.724861,8.94486,8.804861,8.98486,8.804861,6.834861,3.2848608,2.224861,4.554861,5.1848607,6.084861
7.5148606,7.9948606,8.23486,8.134861,8.254861,8.554861,8.724861,8.794861,8.744861,9.02486,9.294861,9.324861,9.6548605,10.02486,9.784861,9.9048605,10.104861,10.334861,10.554861,10.634861,10.854861,11.114861,11.164861,11.184861,11.564861,12.054861,11.784861,11.1548605,11.344861,12.754861,11.924861,11.494861,11.504861,11.104861,10.9048605,10.934861,10.704861,10.004861,9.9048605,10.084861,10.004861,9.974861,9.804861,9.604861,9.284861,9.224861,9.044861,8.864861,8.554861,8.594861,8.854861,9.094861,6.844861,3.2648609,1.6148609,4.624861,3.2748609,4.2448606
7.6448607,8.074861,8.374861,8.294861,8.284861,8.564861,8.864861,8.674861,8.584861,8.77486,9.134861,9.424861,9.52486,9.77486,9.73486,10.004861,10.304861,10.264861,10.394861,10.554861,10.9048605,11.19486,11.114861,11.634861,12.624861,13.074861,12.034861,11.4048605,11.77486,12.554861,11.794861,12.504861,11.764861,11.134861,10.894861,11.034861,10.784861,10.27486,10.254861,10.104861,10.174861,10.034861,9.614861,9.554861,9.434861,9.284861,9.724861,9.624861,8.614861,8.544861,8.814861,8.924861,8.564861,4.374861,1.8248608,3.994861,4.9348607,6.4748607
7.504861,7.864861,8.264861,8.27486,8.23486,8.504861,8.794861,8.604861,8.604861,8.724861,8.884861,9.464861,9.684861,9.77486,9.854861,10.134861,10.474861,10.324861,10.364861,10.614861,10.864861,10.934861,11.494861,11.94486,12.804861,12.98486,12.1548605,12.184861,12.244861,11.964861,11.974861,11.884861,11.564861,11.174861,11.23486,11.374861,10.554861,10.424861,10.4048605,10.074861,10.314861,10.414861,9.784861,9.334861,8.69486,9.02486,9.9048605,9.544861,8.69486,8.394861,8.48486,8.564861,8.664861,4.984861,2.1148608,3.974861,5.314861,5.854861
7.354861,7.7648606,8.344861,8.264861,8.214861,8.514861,8.664861,8.564861,8.804861,9.074861,9.02486,9.374861,9.874861,10.014861,10.074861,10.204861,10.504861,10.52486,10.544861,10.724861,11.004861,11.094861,11.114861,11.244861,11.844861,12.804861,12.94486,12.064861,11.834861,11.684861,11.674861,11.48486,11.48486,11.304861,11.23486,11.124861,10.52486,10.364861,10.354861,10.174861,10.4048605,10.534861,9.954861,9.02486,8.434861,8.94486,9.534861,9.414861,9.134861,8.534861,7.964861,8.344861,8.934861,6.9348607,2.5348608,3.8448608,4.824861,5.2048607
7.424861,7.674861,8.264861,8.4048605,8.314861,8.464861,8.554861,8.69486,9.104861,9.394861,9.364861,9.454861,9.864861,10.224861,10.4048605,10.374861,10.534861,10.704861,10.764861,10.834861,11.104861,11.264861,11.23486,11.374861,11.544861,12.074861,13.124861,12.954861,11.754861,11.434861,11.384861,11.324861,11.44486,11.394861,11.284861,11.134861,10.854861,10.414861,10.4048605,10.414861,10.314861,10.164861,9.934861,9.23486,9.144861,9.034861,9.324861,9.474861,9.604861,9.094861,8.334861,8.394861,8.73486,7.084861,3.244861,3.184861,5.864861,5.6448607
7.3948607,7.674861,8.264861,8.614861,8.544861,8.614861,8.754861,9.184861,9.564861,9.704861,9.77486,9.764861,9.964861,10.144861,10.44486,10.534861,10.52486,10.794861,10.834861,10.834861,11.054861,11.214861,11.1548605,11.264861,11.764861,12.344861,12.174861,12.454861,12.414861,11.634861,12.254861,11.27486,11.114861,11.424861,11.384861,11.354861,11.474861,11.084861,10.674861,10.464861,10.174861,10.264861,10.164861,9.52486,9.52486,9.064861,9.314861,9.504861,9.514861,9.294861,8.784861,8.634861,8.864861,8.344861,4.624861,2.8048608,5.044861,5.254861
7.654861,7.854861,8.474861,8.844861,8.754861,8.834861,9.144861,9.724861,9.864861,9.684861,9.804861,9.924861,10.124861,10.204861,10.474861,10.684861,10.594861,10.73486,10.824861,10.884861,11.02486,11.19486,11.294861,12.124861,12.434861,11.664861,11.52486,11.634861,11.974861,11.564861,11.644861,11.034861,11.114861,11.294861,11.294861,11.324861,11.294861,11.114861,11.004861,10.644861,10.574861,10.294861,10.124861,9.784861,9.664861,9.174861,9.374861,9.574861,9.534861,9.354861,9.054861,8.684861,8.994861,8.714861,5.9348607,2.8848608,5.074861,5.7848606
7.884861,8.144861,8.744861,9.104861,9.064861,9.074861,9.334861,9.744861,9.824861,9.804861,10.004861,10.104861,10.23486,10.364861,10.554861,10.824861,10.704861,10.69486,10.794861,10.814861,11.044861,11.364861,12.794861,12.394861,11.424861,11.284861,11.374861,11.394861,11.534861,11.594861,11.4048605,11.114861,11.1548605,11.384861,11.534861,11.504861,11.23486,11.124861,11.264861,11.054861,11.134861,11.044861,10.554861,10.334861,10.004861,9.584861,9.354861,9.284861,9.334861,9.424861,9.294861,8.854861,9.224861,8.94486,6.064861,1.3148608,3.224861,4.9348607
8.1548605,8.4048605,8.824861,9.134861,9.344861,9.344861,9.474861,9.834861,10.034861,10.104861,9.974861,9.964861,10.184861,10.424861,10.724861,11.084861,10.974861,10.914861,11.014861,11.064861,11.164861,11.034861,11.354861,11.214861,11.27486,11.364861,11.48486,11.514861,11.48486,11.384861,11.574861,11.434861,11.824861,11.374861,11.224861,11.1548605,10.934861,10.69486,10.744861,10.564861,10.52486,10.894861,10.824861,10.304861,9.804861,10.134861,9.784861,9.374861,9.534861,9.73486,9.424861,9.014861,9.364861,9.44486,8.014861,2.494861,2.204861,4.904861
8.314861,8.674861,9.104861,9.474861,9.77486,9.794861,9.874861,9.94486,9.934861,10.104861,10.27486,10.414861,10.584861,10.644861,10.864861,10.994861,10.884861,10.934861,10.964861,11.034861,11.124861,11.094861,11.004861,11.054861,11.124861,11.324861,11.294861,11.224861,11.474861,11.52486,11.474861,11.414861,11.584861,11.48486,11.19486,11.204861,11.19486,11.034861,10.994861,10.514861,10.27486,10.6548605,10.644861,10.284861,9.934861,9.794861,9.974861,9.98486,9.954861,9.934861,9.634861,9.364861,9.414861,9.6548605,9.104861,5.1648607,2.2648609,2.934861
8.784861,9.124861,9.4048605,9.644861,9.634861,9.684861,9.914861,9.974861,9.954861,10.064861,10.214861,10.494861,10.554861,10.544861,10.6548605,10.594861,10.604861,10.914861,11.064861,11.084861,11.244861,11.214861,11.044861,11.294861,11.454861,11.454861,11.1548605,11.084861,11.544861,12.014861,11.824861,11.44486,11.414861,11.364861,11.124861,11.104861,11.084861,10.964861,11.23486,10.994861,10.714861,10.434861,10.504861,10.244861,10.044861,9.914861,10.054861,10.164861,10.02486,9.964861,9.674861,9.504861,9.52486,9.704861,9.27486,8.164861,3.8748608,2.924861
8.874861,9.084861,9.354861,9.554861,9.624861,9.73486,9.874861,10.004861,9.934861,9.914861,10.014861,10.304861,10.684861,10.754861,10.664861,10.454861,10.874861,11.284861,11.184861,11.084861,11.344861,11.344861,11.254861,11.324861,11.104861,10.73486,10.684861,11.244861,11.674861,11.954861,11.924861,11.744861,11.434861,11.204861,11.164861,11.174861,11.204861,11.064861,11.164861,11.114861,10.804861,10.284861,10.214861,10.264861,10.184861,10.294861,10.334861,10.164861,9.814861,9.674861,9.454861,9.414861,9.52486,9.504861,9.414861,8.824861,4.7248607,2.5648608
8.98486,9.104861,9.224861,9.294861,9.564861,9.664861,9.77486,9.844861,9.884861,9.914861,9.994861,10.184861,10.254861,10.294861,10.23486,10.244861,10.924861,11.094861,10.744861,10.604861,10.834861,10.98486,11.164861,11.144861,10.754861,10.474861,10.674861,10.954861,11.094861,11.344861,11.604861,11.514861,11.264861,11.224861,11.164861,11.314861,11.344861,11.074861,11.19486,11.294861,11.02486,10.69486,10.554861,10.554861,10.714861,10.474861,10.354861,10.054861,9.924861,9.634861,9.514861,9.564861,9.48486,9.304861,9.224861,8.9048605,6.524861,2.2648609
8.954861,9.014861,9.124861,9.304861,9.504861,9.574861,9.584861,9.624861,9.584861,9.69486,9.844861,9.924861,10.144861,10.224861,9.914861,10.02486,10.574861,10.69486,10.4048605,10.284861,10.414861,10.644861,10.714861,10.684861,10.584861,10.724861,10.974861,10.964861,10.94486,11.254861,11.674861,11.48486,11.034861,11.144861,11.334861,11.52486,11.504861,11.294861,11.254861,11.27486,11.054861,10.844861,10.69486,10.754861,10.814861,10.744861,10.52486,10.174861,9.954861,9.594861,9.414861,9.584861,9.564861,9.204861,8.934861,8.924861,8.644861,4.804861
