src/views/aMap/windy.json
{"header": {"discipline":0,"disciplineName":"Meteorological products","gribEdition":2,"gribLength":130681,"center":7,"centerName":"US National Weather Service - NCEP(WMC)","subcenter":0,"refTime":"2021-08-04T18:00:00.000Z","significanceOfRT":1,"significanceOfRTName":"Start of forecast","productStatus":0,"productStatusName":"Operational products","productType":1,"productTypeName":"Forecast products","productDefinitionTemplate":0,"productDefinitionTemplateName":"Analysis/forecast at horizontal level/layer at a point in time","parameterCategory":2,"parameterCategoryName":"Momentum","parameterNumber":3,"parameterNumberName":"V-component_of_wind","parameterUnit":"m.s-1","genProcessType":2,"genProcessTypeName":"Forecast","forecastTime":2,"surface1Type":103,"surface1TypeName":"Specified height level above ground","surface1Value":10.0,"surface2Type":255,"surface2TypeName":"Missing","surface2Value":0.0,"gridDefinitionTemplate":0,"gridDefinitionTemplateName":"Latitude_Longitude","numberPoints":87001,"shape":6,"shapeName":"Earth spherical with radius of 6,371,229.0 m","gridUnits":"degrees","resolution":48,"winds":"true","scanMode":0,"nx":361,"ny":241,"basicAngle":0,"la1":60.0,"la2":0.0,"lo1":60.0,"lo2":150.0,"dx":0.25,"dy":0.25}, "data":
[rows 54 to 80 of 241, columns 0 to 60 of 361]
-0.014375,-0.454375,-0.154375,0.665625,0.355625,0.405625,0.715625,0.835625,0.945625,1.015625,0.775625,0.205625,-0.524375,-1.154375,-1.534375,-1.884375,-2.484375,-2.934375,-2.954375,-1.764375,-1.714375,-2.284375,-2.254375,-1.644375,-1.364375,-1.084375,-1.344375,-1.844375,-2.254375,-2.504375,-1.864375,-1.074375,-1.814375,-2.724375,-3.124375,-3.284375,-3.304375,-3.324375,-3.354375,-3.374375,-3.284375,-3.374375,-3.624375,-4.334375,-5.004375,-5.554375,-5.954375,-6.234375,-6.304375,-6.364375,-6.344375,-6.874375,-7.144375,-6.104375,-5.534375,-4.814375,-5.294375,-5.364375,-6.344375,-7.764375,-7.794375
-1.784375,-0.594375,0.515625,0.495625,0.295625,0.455625,0.505625,0.425625,0.225625,-0.084375,-0.304375,-0.744375,-1.194375,-1.704375,-2.164375,-2.404375,-2.584375,-2.824375,-3.004375,-2.634375,-2.694375,-3.094375,-2.294375,-1.264375,-0.544375,-0.694375,-1.534375,-1.544375,-2.154375,-2.674375,-2.924375,-2.364375,-1.954375,-2.314375,-2.674375,-2.814375,-2.804375,-2.974375,-3.134375,-3.324375,-3.574375,-3.814375,-3.994375,-4.424375,-5.174375,-5.544375,-6.024375,-6.334375,-6.074375,-5.914375,-5.954375,-6.194375,-6.004375,-5.794375,-4.804375,-5.034375,-5.864375,-7.084375,-8.074375,-8.034375,-6.244375
-2.564375,-0.734375,-0.344375,-0.224375,0.135625,0.115625,0.025625,-0.324375,-0.754375,-1.104375,-1.324375,-1.314375,-1.194375,-0.924375,-0.804375,-1.024375,-1.454375,-2.474375,-3.244375,-3.584375,-3.504375,-3.194375,-2.734375,-1.854375,-0.654375,-0.234375,-0.384375,-0.794375,-1.654375,-2.084375,-2.174375,-2.024375,-1.414375,-1.384375,-1.934375,-2.374375,-2.734375,-3.054375,-3.314375,-3.614375,-3.864375,-4.164375,-4.464375,-4.754375,-4.794375,-4.484375,-4.684375,-5.354375,-5.814375,-5.804375,-5.774375,-5.814375,-5.934375,-5.394375,-4.974375,-5.704375,-6.024375,-6.414375,-7.304375,-6.394375,-3.704375
-1.964375,-1.094375,-1.234375,-1.534375,-1.674375,-1.754375,-1.584375,-1.484375,-1.434375,-1.444375,-1.614375,-1.814375,-1.854375,-1.594375,-1.304375,-1.524375,-2.354375,-3.134375,-3.234375,-2.824375,-2.404375,-2.184375,-2.164375,-1.944375,-1.314375,-0.514375,0.045625,-0.334375,-0.674375,-0.884375,-1.174375,-1.344375,-1.554375,-1.914375,-2.294375,-2.714375,-3.134375,-3.564375,-3.944375,-4.324375,-4.654375,-5.044375,-5.254375,-5.174375,-4.904375,-4.354375,-4.014375,-4.494375,-4.994375,-4.954375,-4.704375,-4.734375,-4.494375,-4.524375,-5.544375,-6.344375,-4.464375,-3.674375,-5.764375,-4.434375,-2.704375
-2.454375,-2.454375,-3.244375,-3.854375,-3.794375,-3.334375,-2.674375,-2.174375,-2.034375,-2.014375,-2.114375,-2.474375,-2.804375,-2.324375,-0.874375,-0.184375,-0.564375,-0.844375,-0.784375,-0.924375,-1.394375,-1.864375,-2.174375,-2.144375,-2.004375,-1.814375,-1.824375,-1.824375,-1.454375,-1.194375,-1.694375,-2.124375,-2.384375,-2.694375,-3.104375,-3.524375,-3.924375,-4.374375,-4.894375,-5.314375,-5.454375,-5.324375,-5.154375,-5.264375,-5.184375,-4.874375,-4.994375,-5.454375,-5.834375,-5.744375,-5.254375,-5.774375,-6.644375,-5.544375,-5.194375,-5.764375,-4.674375,-3.904375,-3.334375,-3.164375,-2.334375
-3.444375,-4.124375,-4.734375,-4.854375,-4.584375,-3.664375,-2.424375,-1.594375,-1.564375,-2.084375,-2.284375,-2.434375,-2.594375,-2.174375,-0.814375,-0.344375,-0.644375,-0.804375,-1.004375,-1.344375,-1.684375,-1.824375,-1.764375,-1.624375,-1.864375,-2.414375,-2.774375,-2.614375,-2.324375,-2.334375,-2.894375,-3.354375,-3.534375,-3.764375,-4.054375,-4.534375,-5.164375,-5.714375,-5.754375,-5.514375,-5.394375,-5.314375,-5.404375,-5.634375,-6.084375,-6.444375,-6.614375,-6.744375,-6.894375,-6.204375,-6.764375,-6.794375,-5.354375,-4.934375,-4.764375,-4.344375,-4.544375,-4.074375,-3.364375,-3.084375,-2.914375
-4.464375,-4.594375,-4.594375,-4.474375,-3.934375,-2.854375,-0.914375,-0.074375,0.125625,0.055625,-0.284375,-0.614375,-1.194375,-1.654375,-1.634375,-1.414375,-1.154375,-1.254375,-1.264375,-1.344375,-1.424375,-1.594375,-1.744375,-2.074375,-2.484375,-2.674375,-2.644375,-2.674375,-2.714375,-2.794375,-3.164375,-3.554375,-3.834375,-4.404375,-4.874375,-5.304375,-5.454375,-5.354375,-5.364375,-5.354375,-5.404375,-5.554375,-5.964375,-6.654375,-7.234375,-7.464375,-7.484375,-6.874375,-6.194375,-6.534375,-5.694375,-4.574375,-3.854375,-3.734375,-3.914375,-4.154375,-4.224375,-3.814375,-3.484375,-3.374375,-3.314375
-4.504375,-4.414375,-4.034375,-3.644375,-2.874375,-1.554375,-0.954375,-1.174375,-0.764375,-0.504375,-0.704375,-1.104375,-1.554375,-2.094375,-2.394375,-2.174375,-1.974375,-2.144375,-2.434375,-2.524375,-2.314375,-2.164375,-2.384375,-2.744375,-2.824375,-2.894375,-3.024375,-2.984375,-2.554375,-2.494375,-3.144375,-3.924375,-4.444375,-4.824375,-4.814375,-4.834375,-5.024375,-5.274375,-5.444375,-5.484375,-5.654375,-6.064375,-6.574375,-6.934375,-7.394375,-7.264375,-6.734375,-6.004375,-5.464375,-4.224375,-3.654375,-3.394375,-2.684375,-3.464375,-3.544375,-3.044375,-2.914375,-2.984375,-2.954375,-3.064375,-3.394375
-4.004375,-3.794375,-3.834375,-3.424375,-2.034375,-1.554375,-1.364375,-0.934375,-0.624375,-0.584375,-0.964375,-1.594375,-1.984375,-2.104375,-1.934375,-1.744375,-2.324375,-2.634375,-2.764375,-2.984375,-2.834375,-2.734375,-2.894375,-2.924375,-3.044375,-3.224375,-3.404375,-3.024375,-2.804375,-3.674375,-2.664375,-1.944375,-2.174375,-3.204375,-3.974375,-4.494375,-4.864375,-5.154375,-5.554375,-6.284375,-6.934375,-7.374375,-7.514375,-7.464375,-7.304375,-6.764375,-6.294375,-5.314375,-3.974375,-3.494375,-2.984375,-2.124375,-2.074375,-3.014375,-3.884375,-3.264375,-1.924375,-1.974375,-2.054375,-2.204375,-2.794375
-4.384375,-3.924375,-3.064375,-1.924375,-1.774375,-2.394375,-1.354375,-0.164375,-0.014375,-0.294375,-0.804375,-1.484375,-2.094375,-2.534375,-2.394375,-2.404375,-2.744375,-2.684375,-2.664375,-2.784375,-3.124375,-3.334375,-3.444375,-3.494375,-3.534375,-3.614375,-3.614375,-3.124375,-3.514375,-4.264375,-3.164375,-2.144375,-0.374375,-0.714375,-2.144375,-4.024375,-5.864375,-6.644375,-7.324375,-8.034375,-8.414375,-8.454375,-8.434375,-8.294375,-7.484375,-6.654375,-4.984375,-3.274375,-2.944375,-2.734375,-1.394375,-1.094375,-1.704375,-2.134375,-2.604375,-3.184375,-3.454375,-2.714375,-2.074375,-2.294375,-2.594375
-3.444375,-2.804375,-2.014375,-2.024375,-2.584375,-2.494375,-0.994375,-0.204375,-0.374375,-0.574375,-0.854375,-1.284375,-1.724375,-2.274375,-2.704375,-3.024375,-2.994375,-2.504375,-2.524375,-3.044375,-3.524375,-3.844375,-4.104375,-4.244375,-4.304375,-4.234375,-3.724375,-3.664375,-4.314375,-5.174375,-5.734375,-5.884375,-3.914375,-1.864375,0.495625,-0.334375,-3.524375,-6.514375,-7.854375,-8.434375,-8.764375,-8.334375,-8.034375,-7.954375,-7.384375,-5.284375,-2.264375,-1.854375,-1.434375,-0.624375,-0.854375,-1.704375,-1.724375,-1.044375,-0.444375,-0.804375,-2.224375,-2.614375,-2.584375,-3.474375,-3.404375
-3.694375,-2.934375,-2.434375,-2.394375,-1.944375,-0.754375,0.025625,-0.254375,-0.714375,-1.124375,-1.494375,-1.874375,-2.384375,-2.934375,-3.394375,-3.434375,-3.154375,-2.984375,-3.314375,-3.694375,-3.894375,-4.244375,-4.634375,-4.644375,-4.734375,-5.094375,-5.124375,-4.944375,-5.144375,-5.984375,-7.204375,-7.874375,-9.424375,-9.454375,-6.924375,-5.334375,-4.164375,-4.514375,-5.524375,-5.534375,-5.864375,-7.084375,-7.554375,-7.304375,-6.784375,-3.104375,-1.544375,-1.844375,-1.524375,-1.164375,-1.064375,-1.014375,-0.784375,-0.764375,-1.074375,-0.644375,-0.914375,-1.004375,-0.774375,-1.174375,-2.264375
-3.484375,-2.134375,-1.694375,-1.634375,-0.914375,-0.434375,-0.274375,-0.434375,-0.844375,-1.454375,-1.884375,-2.014375,-2.234375,-2.674375,-2.864375,-3.224375,-3.664375,-4.014375,-4.194375,-4.174375,-4.394375,-4.754375,-4.804375,-4.784375,-4.804375,-5.064375,-5.404375,-5.754375,-5.924375,-6.614375,-6.934375,-7.824375,-8.154375,-8.494375,-9.444375,-9.614375,-9.624375,-7.984375,-6.304375,-3.914375,-2.834375,-3.314375,-5.234375,-5.734375,-4.354375,-3.024375,-2.064375,-1.264375,-0.814375,-0.474375,-0.094375,-0.574375,-1.564375,-2.104375,-1.964375,0.135625,0.555625,-1.904375,-2.584375,-2.304375,-1.454375
-2.574375,-2.114375,-2.474375,-2.084375,-1.454375,-1.274375,-1.294375,-1.524375,-1.864375,-2.034375,-2.224375,-2.494375,-2.514375,-2.524375,-2.584375,-2.904375,-3.424375,-3.864375,-4.144375,-4.474375,-4.704375,-4.744375,-4.704375,-4.774375,-5.134375,-6.004375,-6.414375,-6.544375,-7.144375,-7.254375,-6.454375,-5.884375,-5.444375,-7.134375,-8.814375,-10.754375,-11.104375,-10.284375,-8.714375,-7.134375,-5.544375,-3.834375,-2.824375,-3.324375,-3.804375,-3.314375,-0.824375,0.935625,1.285625,0.335625,-0.554375,-1.074375,-1.094375,-1.924375,-1.984375,0.505625,1.735625,0.735625,-0.034375,-1.614375,-0.964375
-3.434375,-2.904375,-3.284375,-2.424375,-1.744375,-1.794375,-1.854375,-1.984375,-2.214375,-2.574375,-2.884375,-3.004375,-2.894375,-2.554375,-2.234375,-2.424375,-2.704375,-3.014375,-3.524375,-4.104375,-4.344375,-4.394375,-4.504375,-4.874375,-5.504375,-6.074375,-6.464375,-7.174375,-7.684375,-7.214375,-6.744375,-5.984375,-4.644375,-5.304375,-7.044375,-7.934375,-8.284375,-8.074375,-7.214375,-5.614375,-5.194375,-4.824375,-2.734375,-1.064375,-0.524375,-0.364375,2.185625,1.715625,1.555625,0.965625,0.535625,-0.854375,-0.304375,-0.684375,-0.554375,1.475625,1.435625,1.895625,2.035625,1.235625,-0.284375
-3.654375,-3.594375,-3.634375,-2.914375,-2.264375,-2.214375,-2.264375,-2.274375,-2.284375,-2.344375,-2.434375,-2.874375,-3.424375,-3.444375,-2.394375,-2.554375,-3.044375,-3.384375,-3.704375,-4.064375,-4.324375,-4.544375,-4.924375,-5.464375,-5.624375,-5.654375,-5.834375,-6.114375,-6.294375,-6.274375,-6.284375,-5.304375,-4.284375,-4.934375,-5.914375,-6.184375,-6.474375,-6.294375,-3.234375,-1.794375,-3.644375,-3.844375,-3.184375,-2.084375,-0.344375,-0.314375,1.395625,2.315625,1.615625,0.975625,1.985625,3.615625,4.705625,4.625625,4.825625,3.125625,3.675625,4.955625,4.385625,4.215625,3.175625
-3.674375,-3.354375,-2.874375,-2.304375,-2.674375,-2.644375,-2.714375,-2.694375,-2.534375,-2.424375,-2.374375,-2.494375,-3.264375,-4.484375,-5.294375,-4.854375,-4.284375,-4.014375,-4.184375,-4.254375,-4.494375,-4.954375,-5.374375,-5.614375,-5.814375,-5.774375,-5.604375,-5.334375,-5.694375,-5.554375,-5.194375,-4.994375,-5.094375,-5.684375,-5.754375,-4.934375,-3.954375,-1.524375,0.455625,-0.804375,-1.424375,-1.244375,0.405625,2.255625,3.075625,2.535625,2.335625,2.215625,1.385625,1.105625,1.075625,1.465625,2.125625,2.135625,2.385625,3.365625,4.465625,3.155625,2.935625,3.025625,3.365625
-3.864375,-3.234375,-2.344375,-2.444375,-2.844375,-3.094375,-3.354375,-3.564375,-3.694375,-3.764375,-4.044375,-4.894375,-5.824375,-6.114375,-6.504375,-6.714375,-7.354375,-6.514375,-5.964375,-6.344375,-6.264375,-6.154375,-6.444375,-6.614375,-6.284375,-5.784375,-5.374375,-4.934375,-4.664375,-4.644375,-4.944375,-5.174375,-5.844375,-5.554375,-4.494375,-3.914375,-2.464375,-1.014375,-0.364375,1.165625,1.635625,2.995625,2.965625,0.825625,1.065625,0.755625,0.575625,1.225625,2.215625,1.795625,0.505625,0.775625,1.225625,-0.164375,-0.884375,0.705625,-0.154375,-0.474375,-0.634375,-0.774375,-1.304375
-3.604375,-3.644375,-4.284375,-3.884375,-4.034375,-4.334375,-4.764375,-4.734375,-4.924375,-5.134375,-5.234375,-4.844375,-3.514375,-3.084375,-3.264375,-4.044375,-3.834375,-4.044375,-4.764375,-5.544375,-6.564375,-6.894375,-7.024375,-6.534375,-6.094375,-5.574375,-5.074375,-4.744375,-4.754375,-4.854375,-4.944375,-5.304375,-5.304375,-5.284375,-4.564375,-3.694375,-2.554375,-1.584375,-0.564375,1.535625,1.645625,0.385625,-0.314375,0.025625,-1.034375,-1.654375,0.035625,-1.024375,-2.104375,-1.614375,-2.264375,-1.744375,-2.264375,-3.224375,-3.224375,-1.284375,-0.564375,-1.454375,-0.784375,-0.914375,0.265625
-3.364375,-3.184375,-3.974375,-4.424375,-4.984375,-5.444375,-5.004375,-4.394375,-3.844375,-4.384375,-4.854375,-4.844375,-4.094375,-3.284375,-3.454375,-3.874375,-3.614375,-2.494375,-1.764375,-2.824375,-3.834375,-4.164375,-4.424375,-4.544375,-4.504375,-4.394375,-4.454375,-4.464375,-4.514375,-4.604375,-4.744375,-4.984375,-4.454375,-4.804375,-4.974375,-4.064375,-2.874375,-2.044375,0.325625,0.575625,-1.684375,-0.614375,0.195625,-0.144375,-0.224375,-0.684375,-1.714375,-3.224375,-3.204375,-2.334375,-1.764375,-0.634375,0.965625,1.265625,1.065625,-0.274375,-1.104375,-1.254375,-0.404375,0.925625,0.235625
-3.674375,-4.214375,-4.944375,-5.374375,-5.834375,-5.524375,-4.974375,-5.434375,-5.894375,-6.104375,-6.054375,-5.654375,-4.764375,-3.904375,-3.524375,-3.944375,-4.004375,-3.884375,-5.254375,-4.904375,-3.984375,-3.964375,-4.384375,-4.354375,-4.274375,-4.404375,-4.324375,-3.954375,-3.764375,-4.144375,-4.404375,-4.624375,-4.224375,-4.494375,-4.774375,-4.004375,-2.574375,-1.274375,-1.624375,-1.614375,0.815625,0.545625,0.025625,-0.334375,-1.754375,-3.144375,-3.764375,-3.494375,-2.654375,-2.824375,-1.374375,0.115625,-0.784375,-0.674375,0.285625,-0.664375,-1.784375,-1.414375,-0.514375,-0.344375,-1.854375
-3.904375,-4.114375,-5.404375,-6.264375,-6.444375,-6.464375,-6.594375,-7.144375,-7.414375,-7.214375,-6.044375,-4.844375,-4.614375,-4.414375,-3.344375,-3.674375,-3.614375,-4.914375,-5.914375,-5.974375,-6.744375,-5.894375,-5.004375,-4.644375,-4.854375,-4.804375,-4.304375,-3.834375,-3.524375,-3.704375,-4.124375,-4.424375,-4.314375,-4.794375,-4.984375,-4.414375,-2.574375,0.285625,-0.964375,0.435625,-0.414375,-1.564375,-2.354375,-1.844375,-2.184375,-2.864375,-2.004375,-1.554375,-2.714375,-1.914375,-2.524375,-2.894375,-3.554375,-2.004375,-2.084375,0.695625,1.655625,-0.434375,-0.924375,-0.954375,-0.474375
-4.304375,-4.644375,-4.984375,-5.674375,-5.924375,-6.104375,-7.084375,-7.364375,-7.294375,-7.614375,-5.904375,-3.934375,-2.654375,-2.104375,-2.844375,-3.064375,-3.294375,-4.514375,-4.954375,-4.774375,-5.124375,-5.604375,-4.994375,-4.104375,-2.914375,-2.014375,-1.644375,-1.204375,-2.114375,-3.344375,-4.294375,-4.754375,-4.644375,-4.434375,-3.894375,-3.354375,-0.884375,1.505625,0.725625,-0.534375,-1.684375,-0.434375,-0.244375,-0.144375,0.035625,-0.134375,-0.094375,0.615625,0.505625,0.385625,-0.074375,-1.144375,-1.504375,-1.234375,-1.824375,-0.344375,0.685625,0.975625,0.015625,-0.024375,1.185625
-5.364375,-6.364375,-6.564375,-6.244375,-6.204375,-6.434375,-6.704375,-5.894375,-6.414375,-5.884375,-4.954375,-4.614375,-4.264375,-3.364375,-3.124375,-5.194375,-5.234375,-5.864375,-5.484375,-4.034375,-3.114375,-3.064375,-3.014375,-2.694375,-1.274375,-0.234375,1.515625,1.655625,0.295625,-0.404375,-1.074375,-2.454375,-2.944375,-3.034375,-2.924375,-2.024375,0.195625,0.425625,1.965625,1.825625,0.995625,-0.404375,-1.384375,0.735625,0.035625,0.345625,0.705625,0.155625,-0.264375,-0.054375,0.255625,-0.404375,0.455625,0.885625,1.235625,-0.354375,-0.334375,0.245625,0.615625,0.665625,0.165625
-4.624375,-5.024375,-5.134375,-5.094375,-5.724375,-6.184375,-6.394375,-5.884375,-5.364375,-4.494375,-4.154375,-4.484375,-5.064375,-5.974375,-5.824375,-4.204375,-6.344375,-7.454375,-7.084375,-5.914375,-4.404375,-3.474375,-3.054375,-1.164375,-0.974375,-1.544375,-1.964375,-2.334375,-1.504375,-0.314375,0.285625,0.075625,0.285625,-1.154375,-1.644375,-1.734375,0.935625,1.855625,0.565625,0.495625,-1.434375,-2.744375,-2.054375,-0.394375,0.195625,-0.224375,-0.084375,-0.084375,0.105625,1.335625,2.705625,2.725625,3.625625,2.965625,2.175625,0.315625,0.055625,-0.964375,-0.764375,-0.764375,-1.774375
-5.334375,-5.464375,-4.994375,-4.124375,-4.044375,-3.954375,-3.864375,-3.674375,-3.564375,-3.564375,-4.184375,-4.714375,-5.164375,-5.574375,-4.844375,-4.204375,-5.644375,-4.764375,-4.784375,-5.144375,-5.134375,-4.344375,-3.634375,-4.364375,-5.114375,-3.664375,-3.624375,-3.964375,-3.984375,-2.984375,-2.504375,-0.934375,0.695625,1.645625,1.395625,0.755625,2.605625,1.115625,0.235625,0.485625,-0.754375,-0.754375,0.065625,0.665625,1.415625,0.695625,1.715625,0.965625,1.375625,1.945625,3.465625,3.245625,3.035625,3.205625,2.425625,-1.004375,0.125625,0.395625,-0.304375,-1.174375,-2.514375
-4.594375,-4.724375,-4.874375,-4.434375,-3.874375,-3.764375,-3.834375,-3.644375,-3.774375,-4.034375,-4.444375,-4.424375,-4.014375,-3.494375,-3.074375,-4.284375,-3.394375,-2.904375,-3.674375,-5.044375,-5.014375,-2.944375,-0.644375,-0.994375,-0.864375,-2.874375,-3.654375,-4.164375,-3.234375,-2.174375,-1.374375,1.515625,1.985625,1.855625,2.225625,2.685625,2.815625,2.935625,2.545625,2.155625,1.955625,1.405625,1.815625,1.865625,1.955625,1.215625,0.925625,1.465625,3.425625,2.325625,3.215625,1.565625,1.765625,1.425625,2.695625,-0.634375,-1.474375,-2.014375,-2.224375,-2.894375,-4.384375
