src/views/aMap/windy.json
{"header": {"discipline":0,"disciplineName":"Meteorological products","gribEdition":2,"gribLength":130681,"center":7,"centerName":"US National Weather Service - NCEP(WMC)","subcenter":0,"refTime":"2021-08-04T18:00:00.000Z","significanceOfRT":1,"significanceOfRTName":"Start of forecast","productStatus":0,"productStatusName":"Operational products","productType":1,"productTypeName":"Forecast products","productDefinitionTemplate":0,"productDefinitionTemplateName":"Analysis/forecast at horizontal level/layer at a point in time","parameterCategory":2,"parameterCategoryName":"Momentum","parameterNumber":2,"parameterNumberName":"U-component_of_wind","parameterUnit":"m.s-1","genProcessType":2,"genProcessTypeName":"Forecast","forecastTime":2,"surface1Type":103,"surface1TypeName":"Specified height level above ground","surface1Value":10.0,"surface2Type":255,"surface2TypeName":"Missing","surface2Value":0.0,"gridDefinitionTemplate":0,"gridDefinitionTemplateName":"Latitude_Longitude","numberPoints":87001,"shape":6,"shapeName":"Earth spherical with radius of 6,371,229.0 m","gridUnits":"degrees","resolution":48,"winds":"true","scanMode":0,"nx":361,"ny":241,"basicAngle":0,"la1":60.0,"la2":0.0,"lo1":60.0,"lo2":150.0,"dx":0.25,"dy":0.25}, "data":
[rows 78 to 103 of 241, columns 58 to 115 of 361]
-0.07513916,0.20486084,0.26486084,0.48486084,-0.04513916,1.2648609,0.6248608,1.0948608,1.4848609,1.4248608,0.59486085,-0.63513917,-0.79513913,0.5648608,1.1348609,0.43486083,0.49486083,0.49486083,0.60486084,0.86486083,1.5648608,0.43486083,0.02486084,0.07486084,0.85486084,1.5648608,0.78486085,0.20486084,0.91486084,0.9348608,0.07486084,-0.46513915,0.53486085,0.91486084,1.1248609,1.4048609,1.7548609,1.7748609,1.8248608,1.7848608,1.5748608,1.5848608,1.5048609,1.1648608,0.67486084,0.23486084,-0.04513916,0.6248608,0.95486087,1.2948608,1.1248609,0.83486086,-0.71513915,-1.2951392,-1.0851392,-0.5651392,-0.28513917,1.7448609
0.38486084,1.2248608,1.6648608,0.5648608,0.03486084,0.79486084,1.1048608,1.1048608,-0.9951392,-1.5951391,-2.525139,-2.7451391,-2.525139,-1.4551392,-0.49513915,-0.11513916,0.12486084,0.7548608,0.54486084,0.44486085,1.5848608,2.0948608,1.5048609,0.54486084,0.12486084,0.35486084,1.0448608,2.244861,2.6648607,2.2848608,1.5348608,0.30486083,-0.20513916,0.01486084,0.31486085,0.9448608,1.3048608,1.2848608,0.97486085,0.60486084,0.73486084,0.90486085,0.5648608,0.06486084,-0.21513917,-0.41513917,0.16486084,0.60486084,0.25486085,-0.06513916,0.34486085,1.0048609,0.04486084,-0.60513914,0.51486087,0.90486085,1.4348608,2.2948608
0.52486086,1.2048608,1.8748609,1.2248608,2.1248608,2.674861,0.64486086,-0.37513915,-1.4151392,-1.2451391,-1.1951392,-0.79513913,-1.1251391,-0.98513913,-0.21513917,0.8248608,1.7248608,1.3848609,1.0348608,1.1748608,1.6948608,1.8348608,1.3248608,0.64486086,0.6848608,1.1548609,1.6148609,2.0248609,1.4848609,1.3048608,1.7248608,1.4148608,0.36486083,0.02486084,0.5048608,1.1948608,1.1648608,0.70486087,0.17486084,0.09486084,0.25486085,0.17486084,-0.24513917,-0.66513914,-0.6751392,-0.58513916,-0.11513916,0.23486084,0.02486084,0.42486084,1.3548608,1.6348609,1.1948608,0.29486084,0.15486084,0.79486084,0.7448608,0.64486086
2.8548608,3.924861,3.1148608,2.0848608,2.5548608,3.3448608,-0.54513913,-1.9951391,-0.8651392,0.11486084,-0.27513915,0.79486084,0.73486084,1.5048609,2.224861,2.704861,2.1148608,0.9448608,0.8248608,1.6948608,2.464861,2.5948608,2.1448607,1.6348609,1.5048609,1.3448608,0.86486083,0.76486087,0.43486083,0.41486084,0.77486086,1.0448608,0.76486087,0.42486084,0.58486086,0.73486084,0.25486085,-0.19513915,-0.65513915,-0.77513915,-0.7451392,-0.98513913,-0.97513914,-0.60513914,-0.60513914,-0.79513913,-1.0951391,-1.1051391,0.47486085,1.3348608,0.90486085,0.17486084,-0.09513916,-0.10513916,-0.29513916,-0.27513915,-0.7551392,-1.5751392
1.9348608,4.0348606,3.234861,2.964861,4.594861,4.9548607,4.3948607,2.6548607,0.73486084,0.38486084,1.4848609,2.744861,3.2548609,2.964861,2.7648609,2.454861,1.7748609,1.4148608,1.3048608,2.1648607,2.494861,2.3548608,2.0748608,1.9048609,2.0148609,1.5448608,0.27486083,-0.10513916,-0.25513917,-0.11513916,0.21486084,0.40486085,0.25486085,-0.09513916,-0.41513917,-0.73513913,-1.0451392,-1.1451392,-1.2551391,-1.2951392,-1.5151391,-1.9651392,-1.8351392,-1.0751392,-0.79513913,-0.57513916,-0.78513914,-1.1051391,-0.42513916,-0.22513916,-0.17513916,-0.18513916,-0.27513915,-0.64513916,-1.2251391,-1.8651391,-2.4051392,-2.1651392
0.46486083,1.6448609,2.3148608,1.8448608,2.6248608,3.4148607,4.0148606,2.0548608,0.43486083,0.83486086,2.454861,3.1248608,3.2548609,2.8048608,2.424861,1.8348608,1.4248608,1.6048608,1.9448608,2.184861,2.1148608,1.5348608,1.2348609,1.4948609,1.7848608,1.3448608,0.32486084,-0.17513916,-0.47513917,-0.31513917,-0.02513916,-0.09513916,-0.5551392,-0.95513916,-1.2251391,-1.5851392,-1.8551391,-1.7151392,-1.4651392,-1.4451392,-1.7451391,-2.295139,-2.275139,-1.5751392,-0.8751392,-0.8051392,-1.1851392,-1.5251392,-1.3151392,-0.53513914,-0.45513916,-0.35513917,-0.97513914,-2.0851393,-2.515139,-2.765139,-3.035139,-2.4451392
0.03486084,-0.02513916,1.0348608,1.9648608,1.3948609,2.224861,2.444861,-0.46513915,-0.33513916,1.0348608,2.1048608,3.1548607,3.2948608,2.3348608,1.3848609,0.85486084,0.65486085,0.8148608,1.4648608,1.8048608,1.4848609,0.9448608,0.8248608,0.96486086,0.95486087,0.66486084,0.10486084,-0.37513915,-0.5051392,-0.32513916,-0.17513916,-0.5051392,-1.3251392,-1.3751391,-1.4451392,-2.1251392,-2.1651392,-1.9151392,-2.1351392,-2.515139,-2.7051392,-2.8951392,-2.8551393,-2.1451392,-1.8551391,-2.285139,-2.4351392,-2.1351392,-1.3651391,-0.9351392,-1.1851392,-1.4351392,-1.9651392,-2.515139,-2.0951393,-1.3051392,-1.9351392,-2.075139
-0.6751392,-0.54513913,0.27486083,0.52486086,1.5148609,1.9248608,0.54486084,-0.79513913,-0.49513915,0.85486084,1.9648608,3.2848608,2.7748609,0.92486084,0.08486084,-0.32513916,-0.45513916,-0.10513916,0.71486086,0.9948608,0.5048608,0.42486084,0.58486086,0.47486085,0.47486085,0.29486084,-0.19513915,-0.7451392,-1.1951392,-1.1251391,-0.43513915,-0.15513916,-0.66513914,-1.5851392,-1.6851392,-2.575139,-2.8551393,-3.2451391,-3.7351391,-3.4651392,-3.035139,-2.805139,-3.025139,-2.9951391,-2.9051392,-2.555139,-1.9251392,-1.4851391,-1.4351392,-2.1651392,-2.2451391,-1.9351392,-1.3751391,-0.22513916,0.29486084,-0.57513916,-0.17513916,-0.6251392
-1.6851392,-1.6451392,0.38486084,-1.1951392,-0.21513917,0.7448608,0.6348608,0.08486084,0.58486086,1.2148608,2.204861,2.8248608,0.45486084,-1.0051391,-1.2451391,-1.6051391,-1.5951391,-1.1651392,-0.22513916,0.09486084,-0.29513916,-0.08513916,0.33486083,0.20486084,-0.15513916,-0.51513916,-0.59513915,-0.88513917,-1.7251391,-2.2151392,-1.2451391,0.60486084,2.3848608,2.454861,0.85486084,-2.8951392,-3.9851391,-4.1051393,-4.445139,-4.135139,-3.765139,-2.9351392,-1.3051392,-1.1951392,-2.295139,-2.2351391,-2.025139,-2.4651392,-2.795139,-2.795139,-1.7851392,-0.30513915,0.9348608,0.45486084,-0.71513915,-0.84513915,0.20486084,0.72486085
-1.0051391,-1.4851391,-0.7551392,-0.78513914,-0.8151392,0.30486083,0.18486084,-0.30513915,0.91486084,1.0048609,1.1448609,1.1248609,-0.47513917,-1.4051392,-1.8851391,-2.2251391,-2.295139,-1.7851392,-0.9251392,-0.71513915,-1.1151391,-0.85513914,-0.20513916,-0.08513916,-0.19513915,-0.66513914,-0.6751392,-0.8651392,-2.3851392,-2.5851393,0.00486084,2.234861,3.434861,4.714861,5.374861,1.5448608,-3.765139,-0.91513914,1.3748609,0.54486084,0.60486084,-1.0451392,0.07486084,2.5548608,1.1948608,-1.7251391,-2.265139,-1.7051392,-1.3051392,-1.3351392,-0.65513915,0.58486086,1.1548609,0.72486085,0.55486083,-0.95513916,-0.22513916,-0.14513916
-0.44513917,-2.275139,-3.2051392,-2.055139,-2.0851393,-0.73513913,-0.31513917,-1.3051392,0.18486084,0.84486085,0.72486085,0.42486084,-0.36513916,-1.0851392,-1.7651391,-1.9151392,-2.2051392,-2.0951393,-1.5051391,-1.2851392,-1.6151391,-1.6251391,-0.91513914,-0.36513916,0.09486084,-0.11513916,-0.19513915,-0.26513916,0.01486084,1.6248609,2.0148609,2.0848608,2.8348608,4.1448607,5.694861,7.2848606,8.544861,10.184861,9.964861,4.404861,6.124861,6.624861,2.0448608,2.5848608,1.2648609,-0.78513914,0.11486084,0.07486084,0.10486084,0.39486083,0.34486085,0.58486086,0.34486085,0.72486085,0.73486084,0.58486086,1.3848609,0.7448608
1.1448609,-0.39513916,-2.9151392,-2.0951393,-2.4351392,-1.8551391,-0.25513917,-0.89513916,-0.11513916,0.48486084,0.67486084,0.36486083,-0.29513916,-0.41513917,-0.52513915,-1.3951392,-2.2351391,-2.6351392,-2.0851393,-1.7651391,-2.075139,-2.4751391,-1.7351391,-0.72513914,0.02486084,0.9948608,1.8148608,1.7948608,1.8448608,1.9148608,2.0048609,2.434861,3.3748608,3.734861,4.504861,5.334861,6.2848606,8.27486,8.164861,2.474861,5.1648607,6.814861,3.7848608,2.464861,0.64486086,0.5648608,1.2948608,1.3748609,2.244861,2.8648608,1.6848608,1.7348609,0.16486084,-0.19513915,0.24486084,-0.32513916,1.0648608,1.8248608
1.8348608,1.5748608,-2.075139,-1.1051391,-2.1251392,-1.7151392,-0.10513916,-0.53513914,-0.64513916,0.44486085,0.60486084,0.34486085,-0.26513916,-0.54513913,0.03486084,0.21486084,-0.6751392,-1.7551391,-1.7151392,-1.7051392,-2.1751392,-2.7051392,-2.2051392,-0.69513917,0.8748608,2.2848608,3.704861,3.484861,2.1548607,2.0448608,1.8748609,1.3048608,-0.22513916,-0.89513916,-0.91513914,-1.2051392,-1.5851392,-1.1251391,-0.19513915,0.96486086,4.2648606,3.194861,3.984861,3.704861,2.3148608,1.7248608,1.9248608,1.9348608,1.8848609,2.9048607,2.1448607,1.4948609,2.214861,1.6348609,0.53486085,-1.0051391,0.09486084,2.0048609
1.6548609,1.3048608,-1.1651392,-1.6951392,-2.075139,-1.6251391,-0.53513914,-1.2351391,-1.4551392,-0.49513915,-0.18513916,0.01486084,0.46486083,0.21486084,0.20486084,-0.43513915,-0.53513914,-0.70513916,-1.1751392,-1.7251391,-1.7251391,-1.8451391,-1.5451392,-0.38513917,0.7448608,2.494861,3.6548607,1.9248608,1.4148608,1.8748609,0.90486085,-1.9751391,-4.7751393,-5.455139,-6.125139,-6.665139,-6.5251393,-4.475139,-4.055139,-3.505139,-0.7451392,-1.6651392,-0.60513914,1.3948609,0.15486084,-0.10513916,0.8148608,0.98486084,1.3748609,1.8848609,1.6248609,-0.14513916,-0.66513914,-0.84513915,-0.71513915,-1.1051391,-1.4851391,-0.94513917
1.0248609,1.2148608,0.30486083,-1.7751392,-1.2651391,-1.5051391,-0.8651392,-1.7451391,-1.6651392,-0.52513915,-0.26513916,-0.41513917,-0.01513916,0.07486084,-0.12513916,-0.08513916,-0.09513916,0.09486084,-0.19513915,-1.2251391,-0.79513913,-1.3151392,-1.8451391,-0.79513913,-0.95513916,0.67486084,2.484861,1.7348609,1.7948608,1.8848609,-0.24513917,-3.9551392,-6.7151394,-8.205139,-9.425139,-9.405139,-6.7951393,-3.525139,-3.6351392,-3.3851392,-0.38513917,-2.8851392,-2.5851393,-0.88513917,0.9948608,0.24486084,-1.2751392,-0.94513917,0.08486084,0.38486084,2.8148608,0.55486083,-3.9351392,-3.825139,-3.3651392,-4.3151393,-3.9151392,-3.4751391
1.8948609,2.174861,1.1948608,-2.1251392,-1.0851392,-0.79513913,-1.0951391,-0.6751392,-1.2851392,-0.78513914,0.09486084,-0.8151392,-1.2851392,-1.0551392,-0.38513917,-0.85513914,-1.4551392,-1.5451392,-0.95513916,-0.6851392,-0.78513914,-0.79513913,-0.90513915,-1.2551391,-0.49513915,-0.31513917,1.7548609,2.5048609,2.2848608,1.9348608,0.72486085,-5.7551394,-6.745139,-6.345139,-5.705139,-4.2551394,-2.1351392,0.11486084,-0.16513915,-2.2351391,-0.95513916,-1.5551392,-1.4251392,-0.52513915,0.09486084,0.72486085,-2.3451393,-2.7151392,-1.8851391,-2.255139,-2.6951392,-4.245139,-4.845139,-4.0051394,-3.9051392,-4.2151394,-3.515139,-3.2151392
0.64486086,0.30486083,1.6648608,-0.26513916,-1.5451392,-0.37513915,-0.91513914,-0.22513916,0.8848608,-0.60513914,-1.0951391,-1.2451391,-1.4451392,-0.73513913,-0.32513916,-0.9251392,-1.6151391,-1.6951392,-0.70513916,-0.40513915,0.40486085,0.00486084,-0.20513916,-1.9751391,0.04486084,1.2748609,1.6448609,1.8948609,1.0048609,0.73486084,0.33486083,-0.82513916,-0.05513916,-0.9951392,-0.60513914,-0.83513916,-0.52513915,0.20486084,-0.09513916,0.39486083,2.184861,1.7748609,-3.3651392,-3.795139,-3.6551392,-3.305139,-3.3851392,-5.7751393,-6.095139,-4.685139,-2.295139,-2.545139,-2.7251391,-2.7351391,-2.9251392,-3.5851393,-5.1051393,-2.1151392
1.3448608,0.28486085,2.194861,1.7148608,0.47486085,0.42486084,0.03486084,0.85486084,0.14486083,-0.26513916,-0.23513916,-1.1151391,-0.57513916,-1.5351392,-1.1151391,-0.97513914,-0.9951392,-2.2351391,-0.6851392,0.18486084,0.5748608,-0.66513914,-0.49513915,-1.8651391,0.39486083,1.0148609,0.84486085,1.1848608,0.70486087,0.64486086,1.6448609,1.0548608,0.70486087,-0.01513916,-0.42513916,-0.39513916,0.33486083,-0.20513916,-0.44513917,-0.28513917,0.77486086,-1.8151392,-4.0051394,-4.2151394,-3.9451392,-4.4651394,-4.4851394,-5.475139,-3.025139,-1.5251392,-1.3951392,-2.9251392,-4.3551393,-3.4051392,-3.325139,-3.7151392,-3.4951391,-2.8751392
1.1848608,-1.2851392,-0.04513916,0.21486084,-0.5051392,0.33486083,0.29486084,1.1048608,0.80486083,1.1448609,1.8448608,-0.59513915,-1.1351391,-1.5651392,-1.4951391,-1.6051391,-1.3851391,-1.0451392,0.20486084,-1.3151392,-1.3951392,-0.20513916,0.43486083,-0.44513917,-0.34513915,0.07486084,0.5648608,1.2448609,1.1848608,1.2048608,1.7548609,2.5248609,0.13486084,-0.59513915,-0.84513915,-0.01513916,-1.0251392,-2.545139,-3.065139,-2.315139,-2.325139,-4.095139,-5.365139,-5.8351393,-6.7951393,-5.5851393,-5.905139,-5.8351393,-5.405139,-6.245139,-7.375139,-7.475139,-6.515139,-5.405139,-4.095139,-3.055139,-2.4451392,-1.2351391
-1.3451391,-0.40513915,1.7548609,1.8648609,1.4048609,0.5648608,-0.6751392,-0.00513916,1.3948609,1.5448608,0.79486084,1.1048608,-0.01513916,-1.5751392,-1.4251392,-0.8751392,-0.97513914,-0.6251392,-0.46513915,-0.58513916,-1.9951391,-1.7051392,-0.28513917,0.05486084,-0.46513915,0.04486084,0.96486086,0.27486083,0.23486084,0.6848608,-0.04513916,1.4548608,0.03486084,-0.77513915,-0.54513913,-0.77513915,-1.9751391,-3.8351393,-3.785139,-4.2151394,-4.3551393,-5.405139,-5.425139,-5.2551394,-5.885139,-5.9851394,-6.615139,-6.705139,-7.5451393,-8.26514,-8.01514,-6.8151393,-6.645139,-5.7151394,-3.575139,-2.6051393,-1.5151391,-0.30513915
-1.0651392,0.29486084,1.8148608,2.7848608,3.1548607,2.0948608,1.7648609,1.2048608,0.72486085,0.16486084,1.2348609,0.9948608,2.0248609,1.2748609,0.47486085,-0.6151392,-0.5551392,-0.27513915,-0.95513916,-0.6151392,0.66486084,-1.2851392,-1.4251392,-1.6851392,-1.6951392,-1.0351392,0.18486084,0.40486085,0.16486084,0.20486084,0.20486084,0.16486084,-1.6851392,-1.6851392,-2.4651392,-2.8551393,-2.7051392,-4.195139,-4.4851394,-4.5651393,-4.015139,-3.4951391,-5.685139,-8.275139,-9.315139,-7.8351393,-6.225139,-6.0851393,-7.165139,-8.385139,-6.665139,-4.9851394,-5.3351393,-5.345139,-4.975139,-3.7251391,-3.535139,-2.515139
1.0848608,0.54486084,0.05486084,2.454861,2.3748608,3.0848608,2.8348608,1.9748608,-0.7451392,-1.5651392,0.85486084,0.52486086,0.80486083,1.6648608,1.4548608,1.6648608,1.1348609,-0.6251392,-0.6751392,-0.60513914,0.39486083,1.4448608,0.31486085,0.29486084,-0.89513916,-1.2851392,-0.7551392,-0.66513914,-0.34513915,-0.28513917,-0.98513913,-2.7051392,-3.265139,-4.225139,-4.685139,-3.6951392,-3.065139,-3.065139,-3.4951391,-3.315139,-2.805139,-5.0651393,-8.375139,-10.355139,-9.315139,-6.8351393,-5.365139,-5.055139,-5.2151394,-8.215139,-7.375139,-5.8551393,-4.695139,-3.0951393,-3.0851393,-2.5851393,-3.7351391,-4.175139
0.65486085,1.9948609,0.6848608,1.3148608,2.0248609,2.674861,1.8548608,1.9848609,1.8448608,0.11486084,0.06486084,0.92486084,0.01486084,2.0548608,2.174861,2.454861,1.8848609,0.18486084,-1.0751392,-2.055139,-1.0851392,1.2948608,2.5648608,2.6648607,2.7648609,-0.9351392,-1.0951391,-1.9551392,-2.255139,-2.9251392,-4.2551394,-6.0251393,-4.905139,-3.9751391,-3.295139,-2.8451393,-2.9951391,-2.035139,-2.4551392,-2.2251391,-2.525139,-3.5951393,-4.445139,-5.825139,-7.8151393,-7.785139,-7.0251393,-7.125139,-5.5251393,-5.655139,-5.2551394,-3.4451392,-2.025139,-1.0351392,-5.785139,-5.7151394,-5.4851394,-4.195139
-1.6651392,-0.91513914,-0.63513917,0.86486083,2.3148608,2.3748608,1.8848609,1.3748609,1.8348608,2.2548609,1.9148608,2.174861,1.6048608,1.8248608,3.8448608,2.944861,2.6048608,-2.305139,-4.395139,-2.575139,-1.8951392,0.02486084,0.6248608,0.6948608,0.73486084,-0.38513917,-2.1351392,-4.2351394,-4.185139,-4.635139,-4.5251393,-3.505139,-2.265139,-1.5951391,-2.075139,-3.015139,-1.8651391,-0.54513913,-1.3851391,-0.8651392,0.31486085,-0.73513913,-1.7651391,-4.0851393,-4.595139,-4.975139,-4.125139,-4.125139,-2.515139,-2.6051393,-3.565139,-4.115139,-4.095139,-5.195139,-6.2551394,-6.265139,-5.995139,-6.4651394
-1.8151392,-1.7251391,-0.6851392,-0.02513916,1.7648609,2.7648609,3.5048609,3.174861,3.0648608,2.3548608,2.0148609,2.0748608,1.0448608,0.85486084,2.5548608,2.3148608,1.6548609,2.224861,-1.8651391,-1.5851392,-0.41513917,1.3748609,0.7548608,1.5348608,-0.28513917,-2.1151392,-1.5651392,-0.8751392,-1.3451391,-0.63513917,-1.4251392,-2.505139,-1.2751392,-1.2751392,-1.3751391,-1.4751391,-0.73513913,-0.30513915,0.11486084,-0.20513916,-0.23513916,0.65486085,0.59486085,-0.59513915,-1.5451392,-1.5751392,-1.5951391,-0.34513915,-0.8751392,-1.4051392,-2.075139,-4.995139,-5.535139,-5.825139,-5.7151394,-6.395139,-7.575139,-7.7551394
1.1748608,-1.6251391,-2.3951392,-0.85513914,0.42486084,1.8648609,1.5248609,1.8548608,2.4148607,2.474861,2.8748608,2.8148608,2.944861,2.6448607,2.994861,2.934861,2.484861,2.9048607,1.1648608,0.49486083,0.65486085,-1.2651391,0.26486084,1.7048608,0.85486084,-0.33513916,-0.72513914,-1.5651392,-1.3251392,-1.2751392,-1.8851391,-2.3951392,-0.30513915,-0.97513914,-2.7051392,-3.4051392,-1.8151392,0.95486087,-0.49513915,1.2848608,1.6448609,1.0548608,2.244861,-0.69513917,-2.805139,-1.8151392,-1.1451392,-1.5451392,-2.055139,-0.77513915,-0.76513916,-2.505139,-2.765139,-3.5851393,-5.0851393,-4.9851394,-6.435139,-6.825139
