src/views/aMap/windy.json
{"header": {"discipline":0,"disciplineName":"Meteorological products","gribEdition":2,"gribLength":130681,"center":7,"centerName":"US National Weather Service - NCEP(WMC)","subcenter":0,"refTime":"2021-08-04T18:00:00.000Z","significanceOfRT":1,"significanceOfRTName":"Start of forecast","productStatus":0,"productStatusName":"Operational products","productType":1,"productTypeName":"Forecast products","productDefinitionTemplate":0,"productDefinitionTemplateName":"Analysis/forecast at horizontal level/layer at a point in time","parameterCategory":2,"parameterCategoryName":"Momentum","parameterNumber":3,"parameterNumberName":"V-component_of_wind","parameterUnit":"m.s-1","genProcessType":2,"genProcessTypeName":"Forecast","forecastTime":2,"surface1Type":103,"surface1TypeName":"Specified height level above ground","surface1Value":10.0,"surface2Type":255,"surface2TypeName":"Missing","surface2Value":0.0,"gridDefinitionTemplate":0,"gridDefinitionTemplateName":"Latitude_Longitude","numberPoints":87001,"shape":6,"shapeName":"Earth spherical with radius of 6,371,229.0 m","gridUnits":"degrees","resolution":48,"winds":"true","scanMode":0,"nx":361,"ny":241,"basicAngle":0,"la1":60.0,"la2":0.0,"lo1":60.0,"lo2":150.0,"dx":0.25,"dy":0.25}, "data":
[rows 162 to 188 of 241, columns 183 to 243 of 361]
1.375625,3.905625,5.655625,5.485625,5.265625,4.505625,4.795625,5.035625,4.955625,5.015625,4.685625,5.285625,8.305625,6.205625,3.775625,2.015625,1.425625,1.215625,1.075625,0.465625,0.725625,0.155625,-0.864375,-1.384375,-1.554375,-1.334375,-0.704375,-0.614375,-1.314375,-1.874375,-1.894375,0.845625,4.565625,6.915625,7.855625,8.375625,8.495625,9.085625,9.505625,9.265625,9.505625,9.525625,9.745625,9.755625,9.505625,9.715625,10.285625,10.525625,10.605625,10.885625,11.085625,11.255625,11.415625,11.625625,11.875625,11.915625,11.785625,12.015625,12.235625,12.425625,12.375625
2.615625,4.715625,4.415625,4.835625,4.765625,4.615625,5.215625,5.405625,5.285625,4.995625,4.205625,4.605625,5.205625,3.315625,2.405625,2.215625,1.425625,1.255625,0.875625,1.525625,2.735625,2.335625,1.415625,1.185625,1.045625,0.905625,0.925625,1.085625,1.465625,2.255625,3.805625,5.835625,7.455625,8.245625,8.775625,9.205625,9.265625,9.245625,9.135625,8.905625,8.955625,8.975625,9.085625,9.345625,9.665625,10.145625,10.365625,10.295625,10.495625,10.945625,11.235625,11.275625,11.375625,11.485625,11.595625,11.955625,12.125625,12.385625,12.715625,13.005625,13.375625
2.955625,3.955625,4.525625,4.345625,4.245625,5.095625,5.285625,5.225625,5.245625,4.635625,4.195625,4.145625,3.235625,1.675625,1.235625,1.465625,1.115625,0.935625,0.275625,0.535625,2.895625,3.655625,3.525625,3.185625,3.115625,3.165625,3.445625,3.805625,4.535625,5.485625,6.775625,7.815625,8.225625,8.725625,9.065625,9.295625,9.665625,9.725625,9.125625,8.735625,8.885625,9.035625,8.985625,9.185625,9.585625,10.085625,10.215625,10.235625,10.605625,10.845625,10.795625,11.005625,11.355625,11.445625,11.725625,11.955625,12.185625,12.515625,12.865625,13.345625,14.135625
2.595625,3.555625,3.775625,4.235625,5.095625,5.105625,4.935625,5.035625,4.815625,4.465625,4.325625,4.085625,2.005625,0.205625,0.355625,0.055625,-0.574375,0.355625,0.195625,2.175625,3.705625,3.585625,3.735625,3.855625,4.005625,4.615625,5.215625,5.945625,6.555625,7.245625,7.795625,7.985625,7.925625,8.325625,8.825625,9.345625,9.705625,9.455625,8.945625,8.975625,9.235625,9.645625,9.745625,9.915625,9.965625,9.825625,9.775625,10.195625,10.445625,10.385625,10.605625,11.085625,11.285625,11.325625,11.705625,11.885625,12.025625,12.495625,13.155625,14.105625,12.945625
0.955625,2.805625,3.715625,4.935625,4.645625,4.215625,5.375625,6.215625,5.915625,4.885625,4.345625,3.785625,0.305625,-1.104375,-0.454375,-0.434375,-0.474375,0.255625,2.935625,4.265625,4.135625,3.825625,3.775625,4.295625,4.845625,5.455625,6.025625,6.665625,7.365625,7.455625,7.365625,7.035625,7.435625,8.365625,9.085625,9.575625,9.755625,9.155625,8.885625,9.135625,9.425625,9.575625,9.645625,9.995625,10.035625,9.805625,9.775625,10.015625,10.355625,10.655625,10.845625,11.165625,11.295625,11.345625,11.515625,11.655625,11.935625,12.465625,13.515625,14.685625,6.825625
1.665625,3.855625,5.035625,4.065625,3.365625,5.625625,7.435625,6.755625,5.665625,4.775625,4.225625,3.105625,0.915625,-0.984375,-1.354375,-0.934375,0.525625,1.245625,1.935625,2.745625,3.355625,3.835625,4.125625,4.435625,4.735625,5.195625,5.915625,6.625625,6.895625,7.055625,7.205625,7.425625,7.975625,8.625625,9.245625,9.635625,9.535625,9.215625,9.275625,9.465625,9.615625,9.315625,9.005625,9.235625,9.365625,9.865625,10.285625,10.125625,10.075625,10.235625,10.475625,10.435625,10.625625,11.045625,11.085625,11.335625,11.915625,12.835625,13.605625,13.635625,3.205625
2.065625,0.675625,1.365625,4.295625,7.555625,7.685625,6.145625,4.955625,4.265625,4.175625,3.865625,2.855625,1.745625,1.015625,0.465625,0.035625,0.185625,0.525625,0.775625,1.315625,2.195625,3.045625,3.835625,4.595625,5.395625,5.785625,6.195625,6.635625,7.035625,7.575625,8.085625,8.565625,8.855625,9.275625,9.305625,9.155625,9.175625,9.275625,9.485625,9.695625,9.645625,9.145625,8.855625,9.015625,9.205625,9.765625,9.825625,9.715625,9.825625,9.965625,10.235625,10.235625,10.465625,10.785625,10.975625,11.255625,11.905625,12.965625,13.735625,11.295625,3.615625
2.195625,2.725625,2.605625,4.205625,4.245625,4.545625,5.715625,6.165625,5.565625,4.695625,3.785625,3.475625,3.045625,1.545625,0.655625,0.425625,0.225625,0.335625,0.805625,1.475625,2.225625,3.045625,3.675625,4.605625,5.955625,6.905625,7.265625,7.535625,8.065625,8.755625,9.055625,9.395625,9.605625,9.625625,9.105625,8.715625,8.735625,9.285625,9.855625,9.755625,9.205625,8.885625,8.935625,8.945625,9.245625,9.315625,9.265625,9.585625,9.715625,9.685625,9.885625,9.945625,10.355625,10.435625,10.885625,11.335625,11.895625,12.815625,13.755625,7.225625,2.495625
0.675625,3.535625,3.355625,1.135625,3.385625,5.385625,4.835625,4.585625,4.975625,4.965625,3.775625,2.895625,2.085625,1.505625,0.625625,-0.004375,0.725625,1.585625,1.885625,1.925625,2.425625,3.445625,5.095625,6.225625,6.825625,7.165625,7.285625,7.665625,8.055625,8.615625,9.065625,9.245625,9.255625,9.185625,8.905625,8.585625,8.595625,8.965625,9.085625,8.945625,8.645625,8.475625,8.405625,8.535625,8.855625,8.895625,9.105625,9.325625,9.465625,9.545625,9.715625,9.865625,10.195625,10.455625,10.795625,11.215625,11.835625,12.665625,13.765625,6.385625,0.935625
1.085625,1.415625,2.775625,3.145625,2.945625,3.365625,3.855625,3.805625,3.715625,3.435625,2.925625,2.145625,1.605625,1.165625,0.835625,1.545625,2.765625,2.815625,2.525625,2.085625,3.145625,4.285625,5.305625,6.025625,6.575625,6.925625,7.055625,7.405625,8.025625,8.335625,8.495625,8.515625,8.675625,9.025625,9.165625,9.105625,8.855625,8.575625,8.565625,8.745625,8.725625,8.235625,8.015625,8.485625,8.595625,8.725625,9.015625,9.015625,9.055625,9.315625,9.725625,10.135625,10.415625,10.495625,10.695625,11.065625,11.745625,12.765625,14.045625,3.935625,1.525625
0.985625,1.345625,1.925625,2.925625,2.125625,1.775625,5.085625,5.485625,4.385625,3.105625,1.535625,0.115625,-1.084375,-1.984375,-0.324375,2.085625,2.395625,2.045625,2.175625,2.565625,3.225625,4.115625,4.995625,5.785625,6.645625,6.995625,7.245625,7.675625,8.195625,8.705625,8.865625,8.985625,9.295625,9.485625,9.455625,9.095625,8.605625,8.345625,8.475625,8.515625,8.255625,8.115625,8.275625,8.675625,8.555625,8.795625,8.935625,8.885625,9.065625,9.725625,9.955625,9.995625,10.125625,10.205625,10.525625,11.075625,11.755625,12.405625,12.925625,2.785625,1.185625
1.165625,1.205625,0.935625,1.575625,2.585625,3.575625,3.285625,2.705625,1.775625,1.485625,0.715625,-0.144375,-0.624375,-0.894375,-0.024375,1.205625,1.525625,1.535625,1.855625,2.285625,2.955625,4.065625,5.505625,6.645625,7.405625,7.855625,8.305625,8.645625,8.825625,9.185625,9.525625,9.875625,9.785625,9.415625,9.355625,8.945625,8.555625,8.385625,8.355625,8.195625,8.065625,8.325625,8.715625,8.565625,8.635625,8.765625,8.795625,8.885625,9.545625,9.955625,9.805625,9.745625,9.885625,10.145625,10.635625,11.215625,11.855625,11.755625,10.495625,1.765625,1.405625
1.895625,1.065625,0.625625,0.785625,1.635625,3.275625,1.915625,1.495625,2.465625,2.035625,1.075625,0.305625,-0.384375,-0.904375,-0.244375,0.645625,0.915625,0.895625,1.575625,3.315625,4.865625,6.525625,7.585625,8.405625,8.665625,8.565625,8.735625,9.065625,9.305625,9.495625,9.805625,9.895625,9.565625,9.465625,9.425625,9.005625,8.525625,8.345625,8.195625,8.275625,8.665625,8.865625,8.755625,8.535625,8.535625,8.765625,8.835625,9.325625,10.015625,10.015625,9.755625,9.815625,9.915625,10.195625,10.575625,11.085625,11.335625,10.475625,8.405625,0.915625,-0.084375
2.895625,1.835625,1.405625,1.765625,1.955625,2.125625,1.665625,1.315625,1.745625,1.445625,1.735625,1.065625,-0.964375,-1.104375,0.645625,1.085625,1.585625,2.755625,4.525625,6.385625,7.725625,8.325625,8.815625,8.495625,8.285625,8.205625,8.395625,8.795625,9.025625,9.525625,9.965625,9.795625,9.465625,9.245625,8.825625,8.525625,8.585625,8.695625,8.915625,9.015625,9.085625,8.855625,8.615625,8.465625,8.585625,8.745625,9.015625,9.715625,10.045625,10.045625,9.725625,9.675625,10.045625,10.185625,10.405625,10.805625,10.215625,8.285625,5.515625,-0.534375,0.445625
1.685625,1.245625,1.085625,1.095625,1.105625,1.685625,1.165625,1.755625,1.435625,0.685625,2.085625,1.865625,0.255625,0.095625,0.845625,1.825625,2.545625,4.315625,6.535625,7.465625,7.475625,7.865625,8.065625,8.075625,7.715625,7.925625,8.615625,8.845625,9.055625,9.385625,9.625625,9.785625,9.615625,9.055625,8.585625,8.645625,9.005625,9.185625,9.085625,9.005625,9.005625,8.875625,8.725625,8.505625,8.565625,9.015625,9.565625,9.895625,9.825625,9.775625,9.735625,9.875625,9.905625,9.815625,10.045625,10.465625,10.175625,6.615625,1.005625,0.625625,0.685625
0.885625,0.395625,0.325625,0.305625,0.365625,0.845625,0.425625,1.275625,0.945625,0.305625,1.315625,1.615625,0.205625,-0.714375,-0.854375,1.545625,2.685625,5.495625,7.465625,7.395625,7.515625,8.005625,8.125625,8.105625,8.465625,8.885625,9.195625,9.295625,9.455625,9.615625,9.245625,8.955625,9.535625,9.705625,9.375625,9.135625,9.195625,9.265625,9.215625,8.975625,8.945625,8.945625,8.715625,8.745625,8.995625,9.445625,9.775625,9.625625,9.475625,9.465625,9.595625,9.685625,9.695625,9.695625,9.685625,10.015625,11.045625,3.855625,1.095625,1.385625,2.465625
1.355625,1.265625,1.125625,0.585625,0.245625,0.455625,1.465625,2.105625,1.185625,0.865625,1.075625,1.205625,0.775625,1.865625,0.655625,1.745625,3.795625,7.105625,8.335625,8.395625,8.645625,8.725625,8.715625,8.635625,8.535625,8.965625,9.405625,9.495625,9.745625,9.755625,9.145625,9.155625,9.545625,9.785625,9.785625,9.585625,9.715625,9.725625,9.575625,9.195625,8.985625,9.005625,9.035625,9.165625,9.565625,9.535625,9.345625,9.165625,9.135625,9.205625,9.455625,9.625625,9.645625,9.525625,9.615625,9.995625,10.455625,5.385625,0.975625,2.685625,3.655625
1.475625,1.215625,1.015625,0.805625,0.485625,0.835625,0.905625,1.955625,2.145625,1.525625,1.195625,0.765625,0.415625,1.085625,1.925625,2.965625,6.015625,7.965625,8.455625,8.995625,9.495625,9.265625,8.925625,8.755625,8.625625,8.875625,9.305625,9.625625,9.705625,9.595625,9.675625,9.985625,10.045625,9.945625,10.165625,10.615625,10.465625,9.665625,9.395625,9.335625,9.365625,9.225625,9.245625,9.285625,9.395625,9.075625,8.735625,8.845625,9.035625,9.175625,9.545625,9.955625,10.085625,9.885625,9.695625,10.005625,10.325625,8.305625,2.135625,2.625625,3.095625
1.155625,0.235625,0.005625,0.795625,0.595625,0.275625,0.665625,0.775625,1.215625,1.215625,1.265625,0.495625,0.955625,0.315625,2.535625,6.545625,8.355625,8.735625,9.145625,9.275625,9.115625,8.815625,8.425625,8.305625,8.425625,8.965625,9.335625,9.595625,9.825625,9.945625,10.255625,10.295625,10.085625,10.035625,10.355625,10.545625,10.215625,9.545625,9.335625,9.435625,9.465625,9.205625,9.035625,9.055625,9.145625,8.915625,8.955625,9.095625,9.225625,9.545625,9.595625,9.675625,10.195625,10.165625,10.025625,10.055625,10.205625,9.545625,2.105625,2.825625,2.415625
0.345625,0.465625,0.175625,0.145625,0.685625,0.405625,-0.084375,-0.014375,0.085625,0.865625,1.215625,0.835625,1.065625,2.555625,6.205625,8.795625,9.585625,9.685625,9.595625,9.105625,8.485625,8.235625,7.995625,7.825625,7.965625,8.685625,9.325625,9.665625,10.035625,10.235625,10.205625,10.085625,9.965625,9.935625,10.235625,10.345625,10.105625,9.745625,9.605625,9.495625,9.215625,8.855625,8.745625,8.965625,8.925625,8.765625,8.835625,8.845625,9.085625,9.545625,9.575625,9.625625,10.075625,10.315625,10.205625,9.895625,10.015625,9.685625,7.735625,3.305625,6.055625
0.915625,0.775625,0.675625,1.085625,1.585625,1.285625,1.085625,0.975625,0.445625,0.555625,1.155625,0.995625,1.165625,2.165625,6.265625,8.685625,9.685625,9.895625,9.065625,8.045625,7.755625,7.735625,7.775625,8.055625,8.505625,8.955625,9.435625,9.635625,9.755625,9.725625,9.645625,9.735625,9.915625,10.095625,10.275625,10.265625,9.845625,9.555625,9.395625,9.195625,8.975625,8.795625,8.695625,8.695625,8.635625,8.595625,8.595625,8.765625,9.015625,9.265625,9.735625,9.955625,10.075625,10.315625,10.105625,9.865625,9.895625,9.975625,9.475625,7.045625,8.265625
1.425625,0.625625,1.245625,0.945625,0.595625,0.545625,0.855625,1.255625,0.935625,1.105625,0.495625,1.045625,1.875625,3.305625,6.075625,7.875625,7.675625,7.545625,7.565625,7.295625,7.045625,6.705625,7.145625,7.705625,8.275625,8.845625,9.385625,9.635625,9.535625,9.415625,9.435625,9.535625,9.725625,10.105625,10.215625,9.955625,9.745625,9.775625,9.665625,9.355625,9.065625,8.875625,8.565625,8.495625,8.385625,8.475625,8.645625,8.925625,9.035625,9.115625,9.605625,10.075625,10.035625,10.325625,10.285625,10.065625,10.055625,10.405625,10.445625,10.095625,4.495625
1.545625,1.025625,1.145625,0.635625,0.285625,0.365625,0.505625,0.605625,1.155625,1.885625,1.375625,2.895625,3.735625,2.765625,4.055625,5.105625,5.275625,5.735625,6.235625,6.715625,6.815625,7.235625,7.825625,8.225625,8.735625,9.325625,9.735625,9.865625,9.845625,9.595625,9.495625,9.565625,9.685625,9.865625,9.765625,9.715625,9.895625,10.025625,9.885625,9.625625,9.325625,9.085625,8.865625,8.765625,8.665625,8.875625,9.155625,9.185625,9.315625,9.575625,9.715625,9.745625,9.825625,10.185625,10.365625,10.095625,10.025625,10.485625,11.465625,8.555625,2.035625
1.225625,1.445625,1.685625,1.425625,1.195625,1.295625,1.115625,0.865625,1.115625,1.595625,1.145625,3.345625,2.045625,2.175625,2.495625,4.075625,4.565625,4.405625,4.335625,4.705625,5.305625,6.275625,7.045625,8.295625,9.185625,9.625625,9.845625,9.785625,9.925625,9.845625,9.785625,9.805625,9.875625,9.915625,9.905625,10.065625,10.115625,10.065625,9.855625,9.605625,9.365625,9.185625,9.255625,9.265625,9.195625,9.315625,9.565625,9.845625,10.145625,10.205625,9.895625,9.585625,9.765625,10.145625,10.205625,10.025625,10.125625,10.275625,11.675625,7.665625,6.955625
0.505625,1.255625,1.735625,1.965625,1.725625,1.005625,0.915625,0.835625,0.665625,0.925625,1.085625,0.155625,1.495625,1.625625,2.685625,3.885625,3.185625,2.585625,2.455625,2.555625,3.565625,4.875625,7.055625,8.045625,8.755625,9.295625,9.515625,9.505625,9.735625,10.045625,10.145625,10.095625,9.955625,9.795625,9.835625,9.935625,9.875625,9.825625,9.855625,9.705625,9.425625,9.265625,9.605625,9.815625,9.845625,9.875625,9.685625,9.725625,9.995625,10.235625,10.115625,9.785625,9.715625,9.835625,10.105625,10.135625,9.805625,9.715625,9.935625,5.835625,5.695625
0.805625,1.235625,1.805625,2.635625,2.755625,2.415625,1.935625,1.075625,0.485625,1.285625,2.445625,0.955625,0.735625,2.025625,2.265625,1.945625,0.625625,0.775625,1.425625,2.255625,4.485625,6.875625,7.705625,8.285625,9.075625,9.375625,9.595625,9.805625,9.875625,10.125625,10.215625,10.115625,10.095625,9.905625,9.815625,9.795625,9.695625,9.635625,9.575625,9.515625,9.415625,9.545625,9.655625,9.675625,9.825625,9.945625,9.875625,9.635625,9.745625,10.255625,10.475625,10.235625,9.775625,9.405625,9.505625,9.735625,9.585625,9.225625,8.945625,5.385625,2.465625
1.055625,1.965625,2.605625,2.795625,2.895625,3.115625,2.675625,1.715625,1.205625,1.455625,2.145625,2.525625,2.625625,1.135625,0.425625,-0.164375,1.095625,1.295625,2.075625,5.455625,7.545625,8.505625,9.105625,9.465625,9.775625,9.895625,9.965625,10.025625,10.115625,10.215625,10.195625,10.165625,10.155625,10.175625,10.155625,10.005625,9.785625,9.515625,9.255625,9.245625,9.315625,9.485625,9.635625,9.535625,9.605625,9.805625,9.995625,10.005625,9.835625,9.835625,10.185625,10.285625,9.855625,9.245625,9.005625,9.155625,9.155625,8.965625,7.895625,6.345625,2.415625
